1                        1
6                        8
35                      49
204                    288
1189                  1681
6930                  9800
40391                57121
235416              332928
1372105            1940449
7997214           11309768
46611179          65918161
271669860        384199200
1583407981      2239277041
65536           8589934592
1667492089      8907751457
918617189      31878811758
1448848741     31918164881
1940298514     31970305608
828615296      32730480639
131072         34359738368
948783377      34385927361
1074135104     34393300992
2024532433     34478820801
23489055       52602402174